name: ml_project
channels:
  - conda-forge
  - defaults
dependencies:
  - _python_abi3_support=1.0=hd8ed1ab_2
  - asttokens=3.0.0=pyhd8ed1ab_1
  - bzip2=1.0.8=h0ad9c76_8
  - ca-certificates=2025.10.5=h4c7d964_0
  - colorama=0.4.6=pyhd8ed1ab_1
  - comm=0.2.3=pyhe01879c_0
  - cpython=3.12.12=py312hd8ed1ab_0
  - debugpy=1.8.17=py312ha1a9051_0
  - decorator=5.2.1=pyhd8ed1ab_0
  - exceptiongroup=1.3.0=pyhd8ed1ab_0
  - executing=2.2.1=pyhd8ed1ab_0
  - expat=2.7.1=hac47afa_0
  - importlib-metadata=8.7.0=pyhe01879c_1
  - ipykernel=7.0.1=pyh6dadd2b_0
  - ipython=9.6.0=pyh6be1c34_0
  - ipython_pygments_lexers=1.1.1=pyhd8ed1ab_0
  - jedi=0.19.2=pyhd8ed1ab_1
  - jupyter_client=8.6.3=pyhd8ed1ab_1
  - jupyter_core=5.9.1=pyh6dadd2b_0
  - krb5=1.21.3=hdf4eb48_0
  - libexpat=2.7.1=hac47afa_0
  - libffi=3.4.6=h537db12_1
  - liblzma=5.8.1=h2466b09_2
  - liblzma-devel=5.8.1=h2466b09_2
  - libsodium=1.0.20=hc70643c_0
  - libsqlite=3.50.4=hf5d6505_0
  - libzlib=1.3.1=h2466b09_2
  - matplotlib-inline=0.1.7=pyhd8ed1ab_1
  - nest-asyncio=1.6.0=pyhd8ed1ab_1
  - openssl=3.5.4=h725018a_0
  - packaging=25.0=pyh29332c3_1
  - parso=0.8.5=pyhcf101f3_0
  - pickleshare=0.7.5=pyhd8ed1ab_1004
  - pip=25.2=pyh8b19718_0
  - platformdirs=4.5.0=pyhcf101f3_0
  - prompt-toolkit=3.0.52=pyha770c72_0
  - psutil=7.1.1=py312he06e257_0
  - pure_eval=0.2.3=pyhd8ed1ab_1
  - pygments=2.19.2=pyhd8ed1ab_0
  - python=3.12.12=h30ce641_0_cpython
  - python-dateutil=2.9.0.post0=pyhe01879c_2
  - python-gil=3.12.12=hd8ed1ab_0
  - python_abi=3.12=8_cp312
  - pywin32=311=py312h829343e_1
  - pyzmq=27.1.0=py312hbb5da91_0
  - setuptools=80.9.0=pyhff2d567_0
  - six=1.17.0=pyhe01879c_1
  - sqlite=3.50.4=hdb435a2_0
  - stack_data=0.6.3=pyhd8ed1ab_1
  - tk=8.6.15=hf199647_0
  - tornado=6.5.2=py312he06e257_1
  - traitlets=5.14.3=pyhd8ed1ab_1
  - typing_extensions=4.15.0=pyhcf101f3_0
  - ucrt=10.0.26100.0=h57928b3_0
  - vc=14.3=h2df5915_10
  - vc14_runtime=14.44.35208=h818238b_32
  - vcomp14=14.44.35208=h818238b_32
  - vs2015_runtime=14.44.35208=h38c0c73_32
  - wcwidth=0.2.14=pyhd8ed1ab_0
  - wheel=0.45.1=pyhd8ed1ab_1
  - xz=5.8.1=h208afaa_2
  - xz-tools=5.8.1=h2466b09_2
  - zeromq=4.3.5=h5bddc39_9
  - zipp=3.23.0=pyhd8ed1ab_0
  - zlib=1.3.1=h2466b09_2
  - pip:
      - aiohappyeyeballs==2.6.1
      - aiohttp==3.13.1
      - aiosignal==1.4.0
      - anyio==4.11.0
      - attrs==25.4.0
      - certifi==2025.10.5
      - charset-normalizer==3.4.4
      - contourpy==1.3.3
      - cycler==0.12.1
      - datasets==4.2.0
      - dill==0.4.0
      - filelock==3.20.0
      - fonttools==4.60.1
      - frozenlist==1.8.0
      - fsspec==2025.9.0
      - h11==0.16.0
      - hf-xet==1.1.10
      - httpcore==1.0.9
      - httpx==0.28.1
      - huggingface-hub==0.35.3
      - idna==3.11
      - joblib==1.5.2
      - kiwisolver==1.4.9
      - matplotlib==3.10.7
      - multidict==6.7.0
      - multiprocess==0.70.16
      - numpy==2.3.4
      - pandas==2.3.3
      - pillow==12.0.0
      - propcache==0.4.1
      - pyarrow==21.0.0
      - pyparsing==3.2.5
      - pytz==2025.2
      - pyyaml==6.0.3
      - requests==2.32.5
      - scikit-learn==1.7.2
      - scipy==1.16.2
      - seaborn==0.13.2
      - sniffio==1.3.1
      - threadpoolctl==3.6.0
      - tqdm==4.67.1
      - tzdata==2025.2
      - urllib3==2.5.0
      - xxhash==3.6.0
      - yarl==1.22.0
prefix: D:\Anaconda\envs\ml_project
